9
17
79
57
49
40
67
24
49
3
96
17
64
77
2
23
39
64
52
38
29
46
52
41
96
76
37
99
46
87
23
51
8
94
22
32
24
82
99
67
58
24
44
90
49
34
72
69
68
2
17
46
4
67
40
43
30
93
62
17
81
69
15
38
56
38
19
66
46
10
16
1
85
76
14
18
96
88
66
37
15
11
60
84
43
51
19
52
31
67
94
34
8
62
74
71
64
25
80
10
63
40
15
94
76
65
8
61
58
9
32
6
86
85
72
80
20
41
30
8
76
69
100
40
57
65
25
67
84
28
33
12
78
29
68
87
94
19
91
47
37
35
98
82
34
63
10
85
22
71
91
72
83
53
34
99
98
71
96
64
99
87
15
69
21
27
15
43
41
11
99
25
39
94
86
55
14
48
24
55
95
21
45
59
35
65
53
2
83
82
6
56
32
99
51
7
21
64
63
26
41
22
7
48
98
87
70
77
14
47
50
86
84
48
87
60
78
73
63
10
30
87
21
17
58
80
58
15
18
93
74
38
14
76
11
44
84
93
23
82
74
35
48
44
74
19
65
85
30
66
4
65
7
99
61
13
8
26
40
7
60
35
52
97
80
30
83
96
73
76
50
70
56
96
25
94
6
20
84
15
49
72
14
24
57
73
70
59
52
1
2
66
8
70
16
22
70
89
43
15
34
80
69
16
90
49
17
25
66
37
31
95
31
5
94
78
51
75
20
1
7
65
11
37
41
2
42
86
34
56
29
48
22
17
29
81
8
74
41
10
57
40
85
30
90
43
73
60
24
71
74
80
40
35
12
61
16
92
90
13
32
93
32
77
51
37
43
33
34
74
22
55
85
82
70
74
21
54
2
69
58
14
67
15
40
56
75
33
73
75
28
44
79
57
63
55
3
94
43
70
31
20
37
35
16
51
17
56
61
71
93
35
8
60
3
40
41
86
99
100
12
79
97
41
76
32
22
94
70
82
